109,5
109,4
109,3
109,2
109,1
109,0
108,4
108,3
108,2
108,1
108,0
107,3
107,2
107,1
107,0
4,3
105,4
105,3
105,2
105,1
103,4
103,3
103,2
103,1
101,3
101,2
101,1
100,5
100,4
100,3
100,2
100,1
99,4
99,3
99,2
99,1
98,3
98,2
98,1
97,4
97,3
97,2
97,1
96,3
96,2
96,1
95,3
95,2
95,1
94,5
94,4
94,3
94,2
94,1
93,3
93,2
93,1
92,4
92,3
92,2
92,1
91,3
91,2
91,1
2,3
1,3
0,324
0,243
0,9
0,1
0,300
0,299
0,298
0,297
0,296
0,295
0,294
0,293
0,292
0,291
0,290
0,289
0,288
0,287
0,370
0,286
0,285
0,284
0,283
0,282
0,281
0,280
0,279
0,278
0,277
0,276
0,275
0,274
0,273
0,272
0,271
0,270
0,269
0,268
0,267
0,266
0,265
0,264
0,263
0,262
0,261
0,260
0,259
0,258
0,257
0,256
0,255
0,254
0,253
0,252
0,251
0,250
0,249
0,248
0,247
0,246
0,245
0,244
0,242
0,241
0,240
0,239
0,238
0,237
0,236
0,235
0,234
0,233
0,232
0,231
0,230
0,229
0,228
0,227
0,226
0,225
0,224
0,223
0,222
0,221
0,220
0,219
0,218
0,217
0,216
0,215
0,214
0,213
0,212
0,211
0,210
0,209
0,208
0,207
0,206
0,205
0,204
0,203
0,202
0,201
0,200
0,199
0,198
0,197
0,196
0,195
0,194
0,193
0,192
0,63
0,62
0,61
0,60
0,59
0,58
0,57
0,56
0,55
0,54
0,53
0,52
0,51
0,50
0,49
0,48
0,47
0,46
0,45
0,6
0,0
0,5
0,304
0,303
0,306
0,305
0,302
0,12
0,10
0,8
0,11
0,4
0,2
0,3
0,7
105,0
103,0
101,0
100,0
99,0
98,0
97,0
96,0
95,0
94,0
93,0
92,0
91,0
